# Layer Numbers: 4
# Layer Number: 0
relu
64 35
# W
0.09072131
0.19727537
-0.01204256
0.04539208
-0.02784304
0.15417978
-0.18007328
0.40715727
0.11135145
-0.18893346
0.03956426
0.14096561
0.10090738
0.05215454
0.03579764
0.01048288
0.15784800
-0.01880091
-0.09983115
0.07234821
-0.10101628
0.00424283
-0.10334700
0.22216403
0.08407321
-0.05377464
-0.22393365
-0.17969258
0.04597145
-0.26472700
0.30069444
0.15459721
-0.05226881
-0.24565709
-0.47584674
-0.09582283
-0.02681486
0.31792945
-0.04046075
0.02366824
0.13022178
0.16592285
0.33994967
-0.06385233
-0.11189184
-0.07433001
-0.01920048
0.15925996
0.23130088
-0.29337966
-0.22956084
-0.09456250
-0.26558417
0.20772193
0.19414724
0.03937191
0.19012538
-0.04851050
0.07950445
-0.10192136
-0.13202929
-0.10683304
0.10341141
-0.08836042
0.26355451
-0.17996812
0.16587529
0.05064185
0.06165819
-0.20621179
0.25614518
-0.05836323
0.62102973
-0.10734641
-0.12711778
-0.20118596
-0.38664809
0.09246348
-0.04759313
-0.07761911
-0.02388885
-0.25715438
-0.00149975
0.00235359
0.25271124
-0.14676055
0.05401469
0.00581440
-0.01525970
0.12221014
0.05333925
0.03362887
0.28098643
0.09302873
-0.07621542
-0.07952733
0.17577417
-0.02957429
-0.05277752
-0.43649611
0.15253614
-0.08247547
0.04577804
-0.13717613
0.00348864
-0.09266123
-0.18110499
-0.59300947
-0.24939424
-0.08856356
0.36027870
0.22443664
0.19351088
-0.23158267
0.10764396
0.01920662
-0.02716627
0.13660772
-0.34517428
-0.08995478
-0.03350928
-0.09651521
-0.01634272
0.14245623
-0.38836512
0.06054462
-0.00960933
-0.19417706
0.07430664
-0.04476869
0.00183527
0.17577064
-0.01837416
0.08261299
0.14600316
-0.25199574
-0.16182396
-0.08976986
0.10740516
-0.01936836
0.10063043
-0.09076978
0.46852988
-0.52195597
-0.01132073
-0.06815266
0.07291540
0.25553820
0.19281575
-0.18627258
0.00206561
-0.06527998
0.00428320
-0.14331678
0.21779372
-0.08948801
0.01321880
0.04142034
0.07105146
-0.10818490
0.10531072
0.16836649
0.02484348
-0.23698126
0.12386821
0.13653077
-0.11876384
0.12278889
-0.06859478
-0.10786787
-0.01858157
-0.03974395
0.11964706
-0.07647621
-0.17682312
-0.18321067
-0.21947874
0.03048474
0.13557701
-0.21103571
-0.00704468
0.29411373
-0.06601557
-0.16624421
0.12931401
0.14713585
0.12370831
0.08256751
-0.10336450
-0.10532150
-0.12302428
0.03070292
0.04003697
0.22185239
-0.07533842
-0.04302790
0.05432203
-0.02380717
-0.12079154
0.08278225
-0.30664092
-0.03835266
0.17254023
-0.06648831
0.19838557
-0.13210422
0.04176090
-0.09126627
-0.09364995
-0.01941461
0.06905525
0.13286437
-0.12199864
0.04027773
0.01594968
0.60860717
-0.02487402
-0.09209014
0.07431041
-0.13484117
-0.09161464
0.07767815
-0.09864944
-0.22617982
-0.19452880
0.16626155
-0.00587296
0.04163568
-0.00216610
-0.35911727
-0.11736662
0.14791347
0.13563651
0.20637716
0.00441467
-0.24786042
0.01489250
-0.07833320
-0.05688422
-0.20742832
0.21834935
0.10877757
-0.09333457
0.05631032
0.01844947
-0.27421984
-0.18678266
-0.25095400
-0.13319506
0.11076051
-0.11200177
-0.09927216
-0.07702032
-0.22300263
0.15863155
-0.04476544
0.00347148
-0.09845809
0.22192191
-0.07471594
0.03824520
-0.16553713
0.05735682
0.14210129
0.19968586
0.28491446
0.10219397
-0.02414736
-0.01963369
-0.14536159
0.06720395
-0.14203830
0.17957328
0.16335070
0.18457702
-0.01686149
-0.23820816
0.08270683
0.01529169
-0.18103857
-0.04634213
-0.22669983
-0.06105366
-0.09163350
-0.09586882
0.01119416
-0.31676966
0.34560737
-0.19903339
0.26204795
0.00552804
-0.00830390
-0.05910094
-0.26475632
0.09280816
-0.22643727
-0.02524010
0.00616709
0.04878549
-0.15495023
0.08440058
-0.15089709
-0.09041079
-0.06787886
-0.14349841
0.10245687
0.00946733
0.09700557
-0.01215685
-0.14240271
0.58267421
0.19776136
-0.11991792
0.18641807
0.08310410
0.02109078
0.23707497
0.12343642
0.33774021
0.02622917
-0.10431410
-0.06483667
0.49456757
-0.00577594
0.11830153
0.01742022
0.03340602
0.04718218
-0.18261227
-0.07947686
0.24005708
0.16165777
-0.05476174
-0.27013227
0.03190758
-0.12447235
-0.15063214
0.08029384
0.00425569
0.03011333
-0.28054771
0.08201654
0.00976875
-0.08587025
-0.16664027
-0.03089722
0.36925289
-0.04074882
-0.02773460
0.15787391
0.17877805
-0.04854110
0.57220531
0.21045077
-0.10782532
0.06682973
-0.09393997
0.00666601
0.08042364
-0.06212071
-0.01509432
-0.30044505
-0.15922394
0.11445539
0.24292663
-0.09953324
0.08164453
0.03208350
-0.02050846
0.10988159
0.20999625
0.25809214
0.05286106
-0.04675149
-0.15572736
-0.28740951
0.00334440
0.09032463
0.16029674
-0.35151902
0.03550237
-0.05881754
0.07540388
0.08885250
0.11556550
0.10727419
-0.23330812
-0.10005935
-0.06613551
-0.16619450
-0.20960256
-0.21323422
0.14429712
0.00499409
-0.27558950
-0.09433842
-0.63690907
-0.07019440
0.26250857
-0.10078019
-0.13705860
-0.15174381
-0.00822382
0.20195472
0.17083031
-0.04012412
-0.14733256
0.02252088
-0.16477902
0.04116922
0.19380423
-0.05747862
0.17280546
0.01131232
-0.02228009
0.03083507
-0.24052112
0.11083548
-0.29924542
-0.09533425
-0.04857537
-0.04436906
-0.08570101
0.08645468
0.10049051
0.05824558
-0.12648928
-0.45384198
-0.07517118
0.30050117
0.06411207
-0.06774922
0.05539690
0.11886979
-0.13004151
0.12140457
-0.12346452
0.03178655
0.06459074
0.04517424
-0.06452268
0.19798952
0.01207273
0.07182798
0.07221509
-0.13749759
-0.15205319
0.12099928
0.12509786
-0.22612177
-0.30172691
-0.42774194
-0.26668850
-0.07721627
0.12489070
0.18033433
-0.16221265
0.36752757
-0.10195985
-0.04631802
0.03793291
-0.28248712
-0.05117226
-0.07255603
-0.08024296
0.06760186
-0.30725321
0.12486724
0.07716110
0.33434549
0.02350823
0.08448549
0.07770048
0.14069937
-0.17885907
0.12483706
-0.00268070
-0.13275364
-0.11353705
0.05373020
0.17389013
-0.03222086
-0.09193757
0.00870042
-0.42271146
-0.27581492
0.07358017
-0.00259073
0.38168836
0.27260700
-0.05809517
0.04304788
-0.07584867
-0.12039576
-0.00844780
-0.02204795
0.32179809
0.16753988
-0.32412529
-0.00494777
-0.10042000
-0.02686260
0.05486291
0.22402690
0.04456688
0.05569550
0.02278818
-0.24911810
0.30313790
0.06669749
0.16923116
-0.24167185
0.03746906
-0.20457169
-0.12283974
0.15351956
0.10236483
-0.18425085
0.06762625
0.25299606
-0.20123737
0.05417927
0.04876262
0.28397647
0.17300393
-0.22679737
0.07481107
0.16235293
-0.14066546
0.06729931
-0.00918113
0.02410121
0.05790618
-0.20609218
0.09386044
-0.03186145
-0.25821105
-0.03896366
-0.10921684
0.06376035
-0.10105549
-0.00281406
-0.03038679
0.04490723
0.16495131
-0.00180818
0.10629663
0.16812453
0.12303657
-0.10863917
0.17405617
0.02937845
-0.06310063
0.04730520
0.06848833
-0.26664338
-0.30881721
0.02425511
-0.02320766
0.16025734
0.29124844
0.28966230
0.32434717
-0.07956620
-0.02558014
0.08807083
-0.40307471
-0.19988742
-0.07328933
-0.07675258
0.02027353
-0.26581001
0.10997008
0.11083948
0.36241132
0.08686554
0.23601943
0.07958495
0.01286551
-0.03353671
0.05048243
-0.24845240
0.16380259
0.07110509
0.09258781
0.07231552
-0.09572501
0.01340569
-0.03491321
-0.21262901
0.33607423
-0.04037382
0.02537266
0.00216945
-0.06550171
-0.14174064
-0.00518630
-0.34299666
0.06717357
0.07487193
-0.16435677
0.25317645
-0.04860628
-0.08218788
-0.20269032
-0.20106445
-0.04010091
-0.18077737
0.15930694
0.15945956
0.12439599
-0.11880577
-0.17611346
0.26314497
0.09084104
-0.04772620
0.29995435
0.00855462
-0.18075785
0.20510317
-0.13671298
-0.02831944
-0.11781134
-0.23911498
0.16139227
0.06539863
-0.22871366
0.11901489
-0.12311321
0.16291064
-0.29227865
-0.05047440
0.05194028
0.37974501
-0.09297699
-0.03865412
-0.31019020
-0.06216585
-0.04774390
0.10519135
0.11563154
-0.28241384
0.27365592
0.16741502
-0.31573099
-0.05236948
0.08830577
-0.04108707
0.12413502
-0.01495344
0.22512950
0.07678659
0.13259770
-0.29664105
0.07430249
0.23634933
0.06784451
-0.05896384
-0.29618323
-0.02025315
-0.14665441
-0.04499470
-0.18841895
0.02974420
-0.02892747
-0.03958636
-0.09793431
-0.23341887
-0.33326793
-0.14399554
-0.16585383
0.24992569
0.10116421
-0.12387738
-0.03131008
0.16581085
0.01921302
-0.03333305
-0.09996466
-0.06629270
-0.06053315
0.09499903
-0.30346790
0.03708711
-0.00053022
0.08815129
-0.18421063
0.03037260
-0.16371487
-0.01789759
0.02568175
0.13143137
0.02819267
0.19629940
0.20801222
0.33838341
0.25049439
0.40589088
-0.10456091
-0.03443835
0.23304112
-0.01148556
-0.26095518
-0.08861289
0.16576444
0.01953781
0.06050087
0.18876435
-0.09322264
0.33105800
-0.15075013
-0.03832972
0.05849888
-0.11156182
0.29056829
0.21934389
0.07582348
-0.24928290
-0.04366432
0.00749286
-0.09450860
-0.07736272
0.03122048
0.17830403
-0.04423970
0.08410002
0.02072649
-0.18385366
-0.16935611
-0.09861006
-0.01172912
-0.55803585
-0.30874756
-0.30942777
0.16529943
0.13288628
-0.00046102
0.04778611
-0.27744454
0.24848427
-0.01049808
-0.03675864
0.14772904
-0.11784417
0.03151104
-0.07868326
0.19937100
-0.13841684
-0.06854305
0.12580907
0.18190446
0.14587396
-0.16447842
0.03926347
0.17936540
-0.08635333
0.05608933
0.11927142
-0.27618679
0.14208372
-0.02032736
-0.12278548
-0.10050177
-0.25910500
-0.22910151
0.01247994
-0.05048684
-0.19319373
0.05079900
0.27992231
0.04897425
0.15188935
-0.19277036
-0.07690687
0.01596554
0.22469309
0.01567256
0.03046908
0.03849175
0.18033084
0.13184637
-0.09221496
0.08292133
0.15098165
-0.10561732
-0.09759407
-0.13287091
0.05500674
-0.10193454
0.25012872
-0.12740573
0.22126345
0.09680644
0.05634114
-0.08084369
-0.05705863
-0.17153479
-0.03029446
0.09935144
0.29662940
-0.24121001
0.05634384
-0.17765908
0.17901808
0.02543656
-0.04287405
-0.00013108
0.19114666
0.57875907
-0.18319581
-0.02088977
0.24574262
0.01735113
0.30065760
0.95323563
-0.25844494
0.02821896
0.13969956
-0.12322517
0.21083769
0.07441510
0.19894239
-0.11998259
-0.20460634
-0.12794420
-0.11385839
-0.06947081
-0.18097663
0.23984233
-0.08625699
0.23441201
-0.13767540
-0.17907831
0.03025677
0.09090816
-0.25164995
0.06077839
-0.00134058
-0.09944110
-0.01580756
-0.04583439
-0.16857485
0.05778036
0.03080555
-0.02138369
-0.07103509
0.01430324
-0.06726567
0.20390774
0.08578181
0.15458375
-0.19635595
-0.15218997
0.06378265
-0.14002612
0.08801199
0.13208143
-0.00673362
0.30189198
0.16310419
0.08528065
-0.02611401
0.12012206
0.00037894
-0.13615167
0.22180924
0.11889281
0.08215786
0.10749058
-0.15208401
-0.11070412
-0.01821651
0.00793005
-0.07684619
-0.09950480
-0.09762260
0.07764217
-0.18004003
-0.27243012
0.04454700
0.01964109
0.24465021
-0.07106107
-0.11950888
0.04925177
0.19205965
0.29359487
0.06112227
-0.28899387
-0.01311400
-0.02237581
0.04930459
-0.00510575
0.05727597
-0.02255839
0.00115579
-0.09606811
-0.21962775
0.05273350
-0.09696353
0.33802813
0.04354727
0.17421582
0.11111180
0.20896736
-0.42399123
-0.05507910
-0.21629107
0.02143966
-0.18523058
-0.06177535
0.12962584
0.10949773
-0.20968242
0.18901576
0.02490316
-0.45453349
-0.02943389
-0.09520801
-0.12407996
-0.13102280
0.34004796
-0.01169293
0.05204905
0.27038988
-0.05940797
-0.06016098
0.00418806
0.01137730
0.03138610
0.18208233
-0.07113539
-0.13787620
-0.25290942
-0.07405932
-0.14457603
-0.05276391
0.09687334
-0.10764083
-0.47943833
-0.55584604
-0.06493491
-0.09710954
-0.18663681
-0.20043726
0.00397517
-0.06645426
0.15187024
-0.65243733
0.05465274
-0.28035229
0.25539848
0.39955527
0.01921384
0.11172569
-0.25271043
-0.04772627
-0.32569909
0.19362807
-0.00214153
-0.07288449
0.23166174
-0.10225921
-0.12165028
0.00751332
0.05537970
0.05540424
0.01492670
-0.00105983
-0.00474878
0.09986872
0.09228905
0.05619974
-0.10078687
0.46937674
-0.00997930
-0.24745223
0.06014258
0.24808581
-0.01665923
-0.03164001
-0.14483073
0.52466494
0.10313236
-0.23828249
0.06026601
-0.11323576
0.10668012
0.34677106
-0.07419343
0.02039382
0.24472718
0.08009227
-0.15037620
0.08727262
-0.17015949
0.04765457
-0.08678580
0.21999054
-0.16743252
0.24479041
-0.37570637
-0.17737235
0.01422687
-0.06850192
-0.16086334
0.02524087
-0.02124392
-0.06347574
-0.04354787
-0.08603919
-0.15379959
-0.07643605
0.18980068
0.06512588
-0.02816912
-0.10522331
0.18231978
0.04964089
0.12921876
-0.25769046
-0.04360755
-0.16819598
-0.00371325
0.20796333
-0.03375103
-0.12413018
-0.16586787
-0.04340645
-0.21978949
0.09041356
-0.02822844
0.00604438
-0.09066076
-0.06853401
0.14640172
0.16850823
-0.05592142
-0.03624502
-0.05030362
-0.37110749
0.06818833
-0.03571950
0.01162319
-0.04736423
-0.12997231
0.00212421
-0.04940217
-0.02302518
-0.07470812
-0.03446235
0.03489158
-0.16562510
-0.12636906
0.16529435
0.00339629
0.03638462
-0.26297149
-0.01465761
0.05157274
-0.08613470
0.23337206
0.16735043
0.24266443
-0.30118102
0.14285634
-0.07986230
0.12602076
0.23483764
0.21216713
0.09097829
0.26133940
-0.03408001
-0.03281989
-0.03571870
0.14719337
-0.01918037
0.03686924
-0.22571428
0.01513213
-0.01450728
0.01761838
-0.05563184
-0.00077426
0.07300385
0.20679748
0.22385600
0.42750999
-0.12279981
-0.33415976
0.07273731
0.30659246
-0.18762615
0.19009250
0.13596742
0.05551043
0.11575229
0.10194638
-0.00883951
0.22163481
-0.04258708
0.27152735
-0.18876480
0.28697631
-0.15263665
0.13844912
0.12180430
-0.03579096
-0.19981249
0.08172131
0.31123188
-0.14271887
-0.07792070
-0.01481852
0.16738141
0.22899713
0.00098855
-0.00786010
0.04003766
-0.08905941
-0.14117879
-0.10215765
-0.15012434
-0.65527183
0.01352099
-0.33287555
0.23111331
0.27752113
0.16051106
0.07527071
-0.25392386
0.24508458
-0.09096773
-0.36272165
0.10493977
-0.04860797
-0.00522431
0.06575999
-0.05918292
-0.32436559
0.06817245
-0.01610195
0.10608421
-0.11298317
0.07811428
-0.16812128
-0.12107358
-0.14142877
0.11910084
0.18814027
-0.08840127
0.39254284
0.09426871
0.10368566
-0.01041575
-0.15074411
0.32756150
0.32277995
-0.01171805
0.03957630
0.11640245
0.15275939
0.12088540
0.18372136
-0.70961118
0.21000519
-0.17931025
0.07275675
-0.22665933
-0.19597346
0.16771813
-0.15664650
-0.10535625
0.02029707
0.05818862
0.04848281
0.04355853
-0.05430894
0.05308346
0.02171938
-0.05341254
0.03944483
-0.16969304
-0.20418143
0.09218527
0.05034341
-0.08118029
0.09683478
0.10840782
-0.05157381
-0.09234601
0.25266707
0.27144668
-0.19485486
-0.22648758
-0.10004378
0.07630244
-0.07696972
-0.22328518
-0.03910227
-0.09872089
0.10157660
0.03132041
0.18452112
-0.12303633
-0.00803103
-0.04557339
-0.18992864
0.29336411
0.12431096
0.27950791
-0.14280111
0.17570002
0.18899515
-0.09302247
0.34943783
0.04315398
-0.05951477
0.11228994
0.10983780
-0.40131360
0.09955836
0.10588498
-0.06371060
0.05024395
-0.14438997
0.14547202
0.16368784
0.04602007
-0.10605481
0.08226245
0.02880552
0.04596266
0.05555255
0.12869257
-0.07265553
-0.03802266
0.04609571
0.01841779
0.13630269
-0.08878151
-0.00615554
0.03158395
-0.04489273
0.11523115
0.01848886
-0.15622337
-0.01831210
-0.07666510
0.01642493
-0.01964408
-0.16766748
-0.03080170
-0.01618966
-0.04984356
0.15530224
-0.03688239
0.10858832
0.04187194
-0.14268453
0.11625527
0.14724377
-0.30839121
-0.09750745
0.14522976
0.20447610
-0.24968456
0.46636945
0.05179754
0.49943155
-0.06481516
0.15485664
0.04645263
0.04038494
-0.08471352
0.13857037
0.15042737
0.24290223
0.12167937
0.03725208
0.04546614
-0.24725460
0.02707205
0.04924181
-0.14944604
0.09470915
0.05785148
-0.16460809
0.15590198
-0.08662187
0.23300381
0.06324278
0.01256674
0.03225748
0.30258858
0.19154321
-0.15214084
0.12534149
0.02574375
0.11252118
-0.07049162
0.07017889
0.04777719
-0.14185220
-0.24058430
0.18296637
-0.03658494
-0.12277767
-0.05247225
0.06171385
0.06252848
0.12240177
0.17575735
0.03883949
0.09770196
-0.02991671
-0.01262384
-0.10376753
-0.10161749
-0.06009109
-0.07913433
-0.00393883
0.01164917
0.06270626
-0.09098040
-0.01499750
-0.09889659
0.05062849
-0.30030915
0.12681827
-0.33995524
-0.06522528
0.59227955
0.05219940
-0.21774265
0.25332212
-0.02432708
0.08113126
0.40500155
0.20992111
0.03521770
-0.10930841
-0.09837294
-0.06731232
-0.20961383
-0.17414509
0.00528088
0.04936986
0.04219403
-0.13839309
0.11964080
-0.08569519
0.04717137
0.05679403
0.12004392
0.25275230
-0.21130256
0.05240607
0.02054071
-0.16102484
-0.36135235
-0.11738701
-0.08449576
0.14643666
0.04798414
-0.28847131
-0.23593879
-0.01287167
-0.16839606
0.00713924
-0.03809176
-0.08289722
-0.00059528
-0.28321284
-0.12040417
-0.12549914
0.41067106
-0.11147057
0.32061571
-0.04902273
0.00710934
-0.22883542
0.21940543
-0.16780865
0.34260899
0.03883018
-0.25083902
0.06595322
-0.16941431
-0.05333740
-0.52276969
-0.00023358
0.02033340
-0.19642720
-0.14118564
-0.42084634
0.18350810
0.01526775
-0.02810095
0.02099971
-0.05110212
0.09884772
0.06566042
-0.26589152
-0.13373171
-0.07339793
-0.01900997
0.36773050
-0.10962866
0.40118480
-0.16428638
0.04092329
-0.11610183
-0.02242101
-0.06307118
0.25557524
-0.16827281
0.22657238
-0.00862307
0.12756783
0.07348665
0.00262836
0.02892683
-0.00862459
0.09377655
-0.17253235
-0.08580016
-0.07868939
-0.01361401
-0.05117612
0.54227376
0.01181700
-0.21166487
0.21145399
-0.12719563
-0.08853756
0.18147574
-0.08156154
-0.24155970
0.10583540
-0.18558419
-0.01035665
0.10114780
-0.34939173
0.13928749
-0.21596010
0.27709565
0.27389219
-0.36501679
-0.19215821
0.06755483
-0.18939194
-0.07856228
0.24605499
-0.18810439
-0.06626024
0.12334856
0.10529230
0.07684130
-0.06170075
-0.03852126
0.07215505
0.02510452
-0.11204877
-0.07457990
0.24004921
0.19433641
-0.13223016
-0.06109046
0.21214928
-0.20778754
-0.05226557
-0.07493236
0.18554707
-0.04579072
0.06809691
0.34759244
-0.09803069
0.16640161
-0.16209131
0.06372990
0.20043628
-0.08294386
-0.19381437
-0.28116709
-0.16351770
0.00269758
-0.00073185
0.20596787
0.07286081
0.01920582
0.01810700
-0.23408502
-0.32360753
-0.07050319
0.06663291
-0.09997664
0.13149442
-0.10424086
0.53382856
0.03576934
0.06681319
0.08999988
0.10022046
0.08392731
-0.28444201
0.09326669
0.39552465
0.19575098
0.01171193
-0.08361172
0.27809742
0.03356789
0.28668571
0.03273506
0.14070873
0.28878686
0.00266753
0.17385642
-0.13736132
0.09971174
-0.01359749
0.07936121
0.21033984
0.08336891
-0.14054932
0.19840971
-0.13574807
-0.22266588
-0.03934749
0.33826578
0.04177084
-0.15392569
-0.25631762
0.11682539
-0.51593727
0.26262456
-0.10455438
-0.15303686
-0.02993237
-0.03141460
0.34641257
-0.12909277
-0.14457652
0.09495575
-0.13941635
0.31513119
0.03521875
0.06802993
-0.28928387
-0.06851618
-0.09405471
-0.00465583
0.09195843
0.15343305
0.21689770
0.08353038
-0.00769405
-0.11140967
-0.07409534
0.07520448
0.00738731
0.15246128
0.16971147
-0.05908262
0.24536468
-0.08243477
0.03026690
0.29234862
0.25346753
0.26865292
0.11480957
-0.40802550
0.05791523
0.12139013
0.04215750
-0.23223184
0.26704895
0.01025204
0.08521456
-0.19555505
-0.14096041
-0.32887760
-0.04944248
-0.45681655
0.15392344
0.14336380
0.01802824
0.07758367
0.16792166
-0.23447303
0.35222533
-0.03294527
-0.08330943
0.09039184
0.01049399
-0.09463375
0.01418531
0.11724788
0.21672383
-0.17290136
0.15348408
-0.09193241
0.16287883
-0.10864017
0.05491159
-0.16184960
0.00861148
0.19387160
0.09479013
-0.05176184
0.01171633
0.18686882
-0.13741894
0.21279027
-0.51161885
-0.04909642
0.00929897
0.20114417
-0.08928707
-0.10337568
-0.05801098
-0.02388768
0.26873168
0.09807613
-0.09701972
-0.01257108
0.05795768
0.13134676
0.27941003
0.06529301
-0.04690912
-0.07454351
-0.09060659
0.02336865
-0.00237688
-0.16094171
0.01864621
-0.00117523
0.02309640
-0.08412226
-0.06598123
-0.18672186
0.09232800
-0.04496637
-0.21237823
0.17322703
-0.40713170
0.45961347
-0.14477724
0.00594003
0.11398318
-0.11755447
0.19744220
0.12773527
-0.13258064
0.15223511
-0.03132259
-0.03078126
-0.20228718
0.03089441
-0.16808116
0.13287114
0.22636952
-0.27026331
0.05739512
-0.03413751
0.17149426
-0.15305698
0.07922020
-0.13620028
0.15151164
-0.00756104
-0.08304078
0.28133011
0.39990932
0.03560390
-0.05294942
-0.02891409
-0.17302074
-0.05726969
0.05881713
0.23207365
-0.20480536
0.03624233
0.12538372
-0.01046954
-0.03460748
-0.00115559
-0.13706701
-0.14732420
-0.06197831
0.16117360
0.23067890
-0.10615882
-0.03738659
-0.07004526
0.12659985
0.06730958
0.01635012
-0.06672120
0.07590535
0.18834713
-0.30264059
0.00469484
-0.02694620
0.12255820
-0.03804555
-0.18827662
0.27125293
0.33982405
0.09854773
0.10660329
0.25153145
0.24328217
-0.22638203
0.11023211
-0.01983552
-0.16920346
-0.15595302
0.05918114
0.47606441
0.01309847
-0.00049557
0.05498267
0.10829069
-0.03934175
0.04856165
0.05554030
-0.20143448
-0.02521950
0.02691483
-0.04379632
0.04411875
0.04818986
0.00167206
0.19838890
-0.10382628
-0.19370508
-0.02729599
0.07883762
0.01917312
-0.07698816
0.01223262
0.49794617
0.66307616
-0.05382955
0.20356742
-0.30723709
0.08591254
0.06032439
0.19966891
-0.73205346
0.16003618
0.04798317
-0.20639007
0.32630822
-0.26055968
-0.11957669
0.38733134
-0.24487910
-0.02017573
-0.23636505
-0.16656575
-0.26281822
-0.02343879
-0.15496491
0.05947880
0.10635316
-0.04232059
0.00584442
-0.06828030
-0.17852029
0.15706760
0.09745875
-0.03403154
-0.12634270
-0.13729323
0.09549110
0.04841998
0.21847562
-0.26013389
-0.13269198
0.06849325
-0.12859252
-0.10618157
0.25099304
0.26352394
-0.13350713
-0.26958334
0.02428507
-0.09076904
0.05809729
0.38778010
0.27200335
-0.07686665
0.28883114
-0.00248506
0.18051367
-0.10458124
0.10369511
0.04864041
0.09495485
0.04372796
0.03084959
0.02377187
-0.46303028
-0.13931264
0.21749027
-0.20043425
0.05444571
-0.11196160
-0.05585495
0.29462546
0.06771811
0.22083405
0.15683801
0.01582722
-0.17091452
0.32956782
-0.27537724
0.08179497
-0.08205152
0.09357933
0.12427163
0.02206572
0.08855733
-0.10935264
-0.02846816
0.22200342
0.07677867
0.01352110
0.05906103
-0.10086203
-0.02882168
-0.01860314
0.03889562
0.01981080
0.22218435
-0.08388618
-0.05079612
0.21991995
0.05002126
-0.16308698
-0.21981731
0.10247071
0.06372302
0.03056982
0.04704394
-0.15015428
-0.12982158
0.01184128
0.02260450
0.19014414
0.09761504
0.18566932
-0.13434292
-0.15412335
-0.34569246
0.10659792
0.24533649
-0.08963294
0.15446447
0.59362620
-0.01359325
0.04784228
0.00679915
0.10665843
0.18313585
0.19108286
0.05005552
0.07761201
-0.09003408
0.02346368
-0.11753680
-0.04950695
-0.04568558
0.12317859
0.16409047
-0.03690521
-0.22678334
-0.16488692
0.11652520
0.26818347
0.12326241
-0.13315921
0.03574209
-0.07296152
0.00338983
-0.13741972
0.18001556
0.23485260
0.11838231
-0.27823067
-0.14294761
-0.08423075
0.20432077
0.01375246
-0.01056733
0.15538599
0.09287240
-0.51432693
0.01988557
-0.18151490
0.24308628
0.20662357
-0.05800264
0.04013826
0.09028438
-0.18572100
-0.03490656
-0.10900388
0.16273883
-0.24931732
-0.09255989
-0.09797109
0.04541234
-0.03428585
0.03876222
0.02957528
-0.01527357
-0.66844136
0.04386706
-0.25597367
0.22922531
-0.08690988
0.14510925
0.43066189
0.02449240
0.03416026
-0.02437557
-0.05361553
-0.09937869
0.29894638
-0.24289685
-0.16608721
0.16100337
-0.09998889
0.25389072
-0.03603639
0.22810480
-0.05217021
0.10112468
0.18047261
0.14217938
0.15290180
-0.45212767
-0.17478509
0.18851420
-0.16581181
0.05260934
0.03504173
-0.02026308
0.04483756
-0.12342353
-0.00673794
-0.49970847
0.21061179
0.15244009
0.03228274
-0.04843471
0.02754642
-0.24158292
-0.49607110
-0.16570087
-0.16688736
-0.05747146
0.11873131
0.10081439
-0.15187186
0.18416807
-0.13425833
-0.12869553
-0.09253855
-0.10287763
0.06263533
-0.15550303
-0.01946593
0.14477213
0.15989065
0.04052400
0.13960987
0.09517248
0.22843403
-0.01630604
-0.00736051
-0.17652979
-0.01403714
0.15036902
0.04443613
0.16883887
0.15707165
0.20795086
-0.20553145
-0.28192776
0.08645342
-0.12298057
0.17551918
-0.19780944
-0.00070505
-0.02997122
-0.22952077
-0.04042014
-0.02408465
0.04746068
-0.09570328
0.16839135
0.09902324
-0.03502332
0.08173005
0.00347801
-0.33189192
-0.20960893
-0.28675938
-0.06395070
-0.23389560
0.09327637
-0.02225845
-0.03934537
0.17614813
0.00686821
0.05796367
0.15372771
-0.08045319
-0.06635325
0.19005857
-0.23171706
0.02571382
0.13327776
0.24080172
0.14098549
-0.10931604
-0.04411673
0.00872789
-0.07191444
-0.23195289
-0.00279492
-0.32947302
0.13270463
-0.20838448
-0.25665238
-0.11573009
-0.23840369
-0.07078874
0.05416407
-0.21249050
-0.10762420
0.28660327
0.17656657
0.03136024
0.11746543
0.06917707
-0.02244781
-0.05554518
-0.15385842
0.17308787
0.04434388
0.06433588
-0.00015697
-0.12485635
0.38493770
0.25005352
-0.12866707
0.11225059
0.13071330
-0.13868304
0.10164811
0.30594605
-0.06364356
-0.01802796
-0.12647909
0.18662681
-0.05061688
0.29624069
0.23336726
0.13191117
0.24700883
0.12060063
0.00532957
-0.02189623
-0.17279206
0.08828012
-0.02804032
0.15927111
-0.03310297
0.22478536
-0.17814595
-0.20172268
0.16066070
-0.12443256
0.02271265
0.02505275
0.13569139
0.19531596
0.01716531
0.02547153
0.15764059
0.13129853
0.06968179
-0.27309272
0.31035957
-0.05156578
-0.02761975
-0.09633391
-0.03853094
-0.14510235
-0.08543079
0.05304177
-0.05136474
-0.07911251
0.08441000
-0.07878379
-0.12642051
-0.00404148
0.32843590
0.00349721
-0.01439852
-0.04776075
0.11705018
-0.00176599
0.01722542
0.08026092
0.31687999
0.02758675
0.11269985
-0.15006924
0.06864549
-0.16774674
-0.00834093
0.00801081
-0.22522888
0.01917187
-0.17193589
0.13414213
-0.07441977
-0.01656707
0.11056456
-0.18390188
0.30752423
-0.15061229
0.15025659
-0.05622412
0.08406083
0.27713525
0.29794776
0.19070122
0.13372184
-0.12628879
0.13318700
-0.02847658
0.03507378
-0.26828304
-0.02747906
0.01317578
0.17807259
0.07481714
0.16931330
0.01657423
-0.04780161
-0.15220645
0.01098198
-0.15351248
0.09616758
0.16269565
0.18685186
0.23369485
0.11326645
-0.11731336
0.00041428
0.13968819
0.03518552
0.10795030
-0.63194954
-0.57357860
0.14862478
-0.08468629
0.27163446
-0.07102472
0.46505451
0.34172782
-0.11202869
0.43082342
0.00663999
-0.34452868
-0.02447169
0.20487800
-0.05605139
0.01231948
-0.17257707
-0.34713262
-0.21422546
-0.01521479
0.00512134
0.18273127
0.13160153
-0.15552409
0.00748959
0.06228078
0.31957781
0.35880917
-0.02630130
-0.05024238
-0.07014000
-0.17389248
0.03955874
0.06596085
0.01537932
0.00334768
0.13957472
-0.00634448
0.08798084
-0.28039640
0.08656354
0.18838401
0.37873802
0.16011137
-0.48329568
0.02067115
-0.13615322
0.12330842
0.15127182
-0.06030620
0.00625428
-0.04312801
-0.16997346
-0.05043034
-0.04161931
0.08990219
-0.04353271
-0.14065441
0.10452916
-0.05759778
-0.04046286
-0.27807644
-0.27693534
-0.48485011
-0.05465806
0.18729395
0.15325569
-0.38501352
# b
-0.07468037
-0.06298063
0.05841269
-0.02043989
0.01047543
-0.15970701
-0.06514072
-0.06485161
0.14627244
0.12430768
-0.19139680
-0.11680882
-0.12142367
-0.14359717
-0.04362275
0.00909883
-0.03297842
-0.11275116
0.00968335
-0.16721646
-0.12681668
-0.09971344
0.11386608
-0.09441204
0.08923873
-0.08545221
-0.05343312
-0.15449019
0.19199529
0.09797840
-0.00219792
0.08099722
0.10497394
0.06863382
0.03016423
-0.16091578
-0.17366828
-0.14742932
-0.03071293
-0.19797717
-0.15930793
-0.10044417
-0.15026662
-0.10591079
0.00540671
0.00518042
0.08230450
-0.02232876
-0.10483596
0.06310054
0.09582405
0.04529108
-0.16433354
-0.10736374
0.01937065
0.13269678
0.08103575
0.00558627
-0.15110105
-0.07401229
-0.15683188
-0.06057641
-0.05272705
-0.12949730
# Layer Number: 1
relu
32 64
# W
-0.37724528
0.02588927
-0.07261367
0.08065980
-0.00890208
0.14414690
0.19955003
0.04436694
0.19402343
-0.11152546
-0.01688803
0.01158686
-0.02053540
0.15172935
0.10665756
-0.11756750
0.19134223
0.12764159
0.20937635
0.11878263
0.27203155
0.03318002
-0.00456467
0.85954195
-0.12066360
0.02641494
0.44272736
0.06070052
0.31442896
-0.00005477
0.13489182
-0.11645504
0.12870203
-0.01869365
-0.04162588
0.00728625
-0.05095866
-0.02708767
-0.21527599
-0.33812642
-0.28902397
0.12296841
0.24409272
0.20045544
-0.02103271
-0.14576271
0.18848456
0.11254909
0.11394028
0.27431646
0.35375479
0.42535877
0.06693872
0.05098081
-0.07288219
0.29135552
0.01072447
-0.14915836
-0.33129194
0.14708734
0.24529834
0.07339039
0.09391357
0.27574760
-0.07498693
0.08453759
0.09213033
-0.03519948
-0.12897848
-0.05603530
-0.04910044
-0.01962163
-0.11226625
-0.01567270
-0.01129187
-0.03200515
-0.08416986
-0.02639174
-0.13822925
-0.11049220
0.04000332
0.06085454
0.08709339
-0.12415751
0.05001612
-0.09279034
-0.14329523
-0.00702985
-0.08318400
-0.12395374
-0.12195317
-0.05520604
0.09770376
0.05277062
-0.10224977
-0.11253135
-0.08884209
-0.11909573
-0.07149903
0.07507366
0.03583208
-0.06125561
0.08184285
-0.09178130
-0.13577759
-0.02377611
-0.06520117
0.01622389
0.06760369
-0.03392453
-0.07705945
0.01861743
-0.16022353
0.08277979
-0.03325224
0.08608057
-0.11963247
-0.11106283
-0.02024714
0.03081354
0.05745794
0.07665869
-0.01575731
-0.01164175
0.00261057
-0.05469476
-0.01619537
-0.12343846
-0.44964084
0.16579439
0.01715137
0.25153789
0.05550762
0.11352734
0.23484285
-0.00568716
0.16070944
-0.14811957
0.12998709
0.03992937
0.15889953
0.05732955
0.13371257
0.10233226
0.12731998
0.15626492
0.06702258
0.15734018
0.38283890
0.12362348
-0.12012972
0.74618769
0.09667064
0.21366674
0.50169766
-0.01818581
0.42638117
-0.00460086
0.08874599
0.05872678
0.07862490
-0.06789771
0.02427316
-0.06514001
-0.13617110
-0.14913800
-0.18804441
-0.37109044
-0.41065452
0.12124086
0.20607524
0.01174181
0.13021605
-0.00042341
0.23414117
0.05063896
-0.01809681
0.17618452
0.32321423
0.30965400
-0.03797377
-0.13907710
-0.12394033
0.26993456
0.13383900
-0.08830936
-0.32350591
0.27591068
0.18608680
-0.07269602
0.02964302
0.20229763
-0.16086821
0.13103440
0.20588535
0.01699439
0.12650469
0.07369655
0.03585821
-0.12862110
0.08752258
-0.29640412
-0.00312139
0.00494741
0.02191248
0.02879385
-0.12350527
0.19389477
0.06705530
0.08457804
0.11829899
-0.10657058
0.43859845
0.04974331
0.11762054
0.62087601
0.02269569
0.01265109
0.18450591
0.09472004
0.17983472
0.10030390
-0.03593406
-0.15663993
0.15404202
0.11164583
-0.06678209
-0.07577567
-0.16055062
-0.13521041
-0.04712291
-0.24532622
-0.48331323
0.12637378
0.27611789
0.11134232
0.16349910
-0.03198243
0.01363284
0.13617775
-0.01308364
0.06813926
-0.16455942
0.16951610
-0.12570851
0.08565129
0.07499667
0.09958083
0.16442002
-0.30054969
0.00725699
0.09566803
0.03745853
0.04464618
0.06934021
0.33087620
0.06817687
0.10061055
0.10991816
0.19888395
-0.02766212
0.18120760
0.08181602
0.15941203
0.20942020
-0.30974829
0.11146990
0.29584360
0.28846529
0.18774380
0.35846791
0.02151925
0.29122633
-0.23206560
-0.00085058
0.01055176
0.42127880
-0.04674097
0.09143734
0.37621707
-0.03537446
0.07296244
0.71019596
-0.04393347
0.24628390
0.00054120
-0.11702204
-0.15512060
0.01750788
-0.06400508
-0.14784889
0.02419816
0.09870879
-0.02620266
0.01954969
-0.22536768
-0.46555912
-0.13208784
0.28226164
0.34963170
-0.16931489
0.03006222
0.04552952
0.00057864
-0.07119259
0.21816048
0.42018193
0.11743928
0.20047249
-0.27552107
-0.22053301
0.27923808
0.08803878
-0.11798273
0.09570143
-0.02872264
0.05709421
-0.09677045
-0.06531885
0.58879322
-0.46792746
0.16121919
-0.13048132
0.21987541
0.15608270
-0.13681729
0.11925332
0.08778411
0.16408697
0.25788337
-0.14348343
-0.19582051
0.23696534
0.11963223
0.10944783
0.01375822
0.10932375
-0.28305742
0.14419714
0.05199720
-0.34668526
0.00171571
0.09302016
-0.16562164
0.13888355
0.09442519
-0.26218024
0.24974668
-0.18718325
-0.13494250
-0.15128851
-0.34599799
0.22523528
-0.16082911
-0.09495049
-0.02795728
0.04446724
-0.06027436
-0.51673454
0.05576493
-0.09125824
-0.14444607
0.04458741
0.43200895
-0.17926247
-0.24933214
0.08835619
0.18981937
-0.08567077
0.05573088
0.35217041
-0.06366669
-0.16979696
-0.29321495
-0.03033730
-0.02415855
0.12511675
-0.55786639
0.08001898
0.24323021
0.13713866
-0.06282991
-0.25627035
0.21592629
-0.37131143
0.14919773
0.17982091
0.27266097
0.03789725
-0.03073951
0.25837776
0.07620525
0.22349808
-0.17345251
0.02593425
0.02582456
0.20410255
0.19491892
0.06584280
0.02626827
0.17144093
0.14478636
0.13702394
-0.01607373
0.26077271
0.00078312
0.04744150
0.70147532
0.02733045
0.18561313
0.58493954
0.12525843
0.48502046
0.10250232
0.07196464
-0.00032433
0.12918140
0.14232844
0.09211483
-0.05878255
-0.12632503
-0.05352823
-0.08812547
-0.29028854
-0.22823261
0.05933528
0.28743103
0.24460842
-0.03070779
-0.03830833
0.26600251
-0.01057910
0.18736899
0.24140151
0.40427762
0.38727814
0.04576841
-0.05013765
-0.10193206
0.28712985
0.10212322
-0.08464622
-0.31730115
0.29051578
0.08988555
0.09861127
0.17544085
0.23208694
-0.21664011
0.17608953
0.21870349
0.11963443
0.19187337
0.09246551
0.21080191
0.03668093
0.26327568
-0.05904149
0.03190082
0.29338893
0.05689381
0.06051704
-0.01280824
0.07126557
0.11131117
0.14446871
0.03147079
0.08549792
0.22254898
0.01843174
-0.01496965
0.90642548
-0.01510232
0.18952589
0.36584753
-0.05159138
0.38827476
-0.10562173
0.07657045
-0.14287405
0.08951950
0.02581229
-0.20928872
0.09676498
-0.27137578
-0.07513670
-0.31235850
-0.40106153
-0.48107359
-0.04549657
0.38158360
0.16203226
0.13286251
0.00944168
0.33253059
0.15983735
0.08191843
0.41988948
0.37429965
0.34884477
-0.01692510
-0.14148267
-0.08750954
0.26077190
0.15505534
-0.05303735
-0.37734213
0.14130366
0.08857309
-0.03360636
0.03706032
0.23683311
0.38291654
-0.02108295
-0.09311277
-0.01845568
-0.00004516
0.09059835
-0.24542822
0.17447150
-0.49214000
0.09227201
-0.27895615
-0.21495397
0.13751218
-0.27852911
0.03822504
-0.12440214
-0.80031580
0.23596981
-0.12211506
0.02525338
0.24853179
-0.20037051
-0.04212284
-0.22264755
0.10057823
-0.36994523
-0.18867444
0.05882484
-0.18710724
0.02577722
0.28483948
0.31792927
-0.26131579
0.20867318
-0.08302430
0.02693549
0.08870620
-0.01906623
0.32096729
0.26678553
-0.05236420
-0.36189830
-0.00522750
-0.12954195
-0.08537264
-0.00890319
0.31684750
-0.08046754
-0.05926258
0.11668219
-0.65517396
-0.38222906
0.10512432
-0.07383454
0.39284223
0.11885421
0.19733399
-0.01325066
-0.09389263
0.08396029
0.11628092
0.07289012
-0.44218579
0.16824599
-0.34666669
0.00930524
-0.00727361
0.06579380
-0.02639085
0.18037090
0.16410245
-0.04237507
0.12293743
-0.10776335
0.09108315
0.14924699
0.09882961
0.12552330
0.13988495
0.04934470
0.27568138
0.21118347
0.21244167
0.05020849
0.25174436
0.09129581
-0.06939848
0.91242075
0.01572526
0.06549460
0.37905562
0.13097987
0.45340091
0.12663110
-0.01454088
-0.01402662
0.13845982
-0.07450772
-0.12814602
0.06401062
-0.18616273
0.08619668
-0.06693087
-0.12058812
-0.20499252
0.15850483
0.29114160
0.25647157
-0.01404263
-0.11462501
0.18161744
0.18307351
0.13591926
0.22846794
0.28198859
0.39184603
-0.05615272
0.06417004
-0.12770864
0.20212983
0.16564909
-0.07935074
-0.26126647
0.11447380
0.05514199
0.09203806
-0.00101929
0.32062054
0.31638116
-0.86079860
-0.40611523
0.38357881
-0.06040552
0.27554989
0.33545110
-0.06272692
0.11485218
0.12624618
-0.15068232
-0.80508375
-0.22607198
-0.32231262
0.19676219
-0.07112908
-0.09161346
-0.22609420
-0.27635685
0.28787592
-0.20938876
-0.22857165
-0.42932162
-0.97996575
-0.32254985
0.15021813
-0.11109884
0.32080707
-0.17576230
-0.15373270
-0.21046549
-0.00318616
0.21364251
-0.12818366
0.11856378
0.05007029
0.07042529
-0.21501367
0.15983486
0.50088179
0.38312304
0.23708902
0.09815533
-0.34412056
0.14958034
-0.13204558
-0.22569080
0.30801105
-0.19086255
-0.00391953
0.14705640
0.14825648
-0.06170826
0.09684307
-0.16780247
-0.27478737
0.13894682
0.19217679
-0.19890068
-0.42546326
-0.04758663
-0.02256923
0.22215822
0.06291383
-0.28030992
0.02884426
0.02376756
0.20148069
0.03857243
0.17610469
0.10679422
-0.04200088
0.21435390
-0.02037444
0.20428140
0.21655929
0.01809110
0.05822267
0.22150339
-0.05040219
0.20407595
0.12431691
0.10322897
0.07374110
0.23753895
0.01728502
0.07250246
0.81746292
0.04738520
0.03108772
0.56217235
0.01374728
0.28831723
0.03035495
-0.03738456
-0.10975340
0.11695550
-0.01235409
-0.13158455
0.04272670
-0.30033341
0.00379621
-0.01745502
-0.11453928
-0.24084906
-0.00992967
0.33348840
0.27753651
0.11837356
-0.12440863
0.18154286
0.24603614
-0.00107633
0.06499626
0.13560252
0.43828130
0.06302876
0.04475379
-0.11363693
0.30638340
0.04836703
-0.14690207
-0.10025887
0.09343686
0.17948563
0.04246567
0.05000407
0.29834080
0.05074010
-0.03059895
0.00240177
0.00109359
-0.04008415
0.00713641
0.01821104
-0.10595211
-0.14161423
-0.01230722
-0.01362613
-0.35572597
-0.00591708
0.08269427
-0.22846380
0.07373246
0.21803932
-0.10004385
0.27991319
0.05529569
-0.01211657
-0.05555552
0.19518630
-0.64903587
-0.11676186
0.03827012
-0.37250894
0.04756109
-0.06636085
0.02568463
-0.15745042
0.07913613
0.14709115
0.07178228
0.19454749
0.11146872
0.08833819
-0.13010782
0.14189672
0.16701055
0.43384701
0.18259187
0.08443157
-0.42829096
-0.26698393
0.26128772
-0.07881917
-0.01994155
0.08222806
-0.22520414
-0.36822450
-0.21140863
0.14297441
0.00904386
-0.36391985
-0.23448117
-0.28407624
0.16431080
0.11801348
0.35812008
0.09478078
-0.34614414
-0.14943220
-0.13871272
0.09428345
-0.51512980
0.07646271
-0.18410109
0.12928624
-0.33210164
-0.35043648
-0.30153695
0.15820710
-0.02755225
0.27042460
-0.49368873
-0.05188121
0.05282532
-0.45356017
-0.06935208
0.19623029
-0.07912192
-0.00046485
-0.16139373
-0.30197746
0.04342910
-0.02870916
-0.37831035
0.11406945
-0.13878897
-0.49959883
0.15291512
-0.54573983
0.17446072
-0.29123834
-0.41262230
0.33259767
-0.12339289
0.02732462
0.08600244
0.13584709
0.07345048
0.10906431
-0.48363355
0.14014119
-0.02024473
-0.73681962
-0.12476315
-0.02133321
-0.06299102
-0.00759514
0.03228781
0.07641935
-0.19022033
-0.13020946
0.13617137
0.04476635
0.10149500
-0.25514206
0.25683436
-0.00150796
0.10234575
0.02321720
-0.24077705
0.10090037
-0.15469320
0.25064388
0.00306858
-0.28217739
0.14961542
0.09517840
0.23109262
-0.12516367
0.11834115
0.20896305
0.16439867
0.20482713
-0.19235602
0.14809486
0.19142418
-0.03696718
0.15210482
0.23477754
0.09964147
0.30508971
0.17420478
-0.03159067
0.01053466
0.12689804
0.10684599
0.04485095
0.58384061
-0.04049601
-0.10143496
0.23546600
0.16687654
0.26360792
0.01781337
-0.00822458
-0.06688745
0.09714064
0.13108933
-0.00265807
0.10343321
-0.01747285
0.06367569
-0.22126380
-0.19463713
-0.23543324
0.06597774
0.20411327
0.15992506
0.12407569
-0.11926821
0.03929714
-0.00785384
0.12439750
0.06309712
0.33322352
0.31753039
-0.02383404
0.07022342
-0.14251524
0.23641905
0.10659391
-0.28920183
-0.14447610
0.14855313
0.10290371
-0.04417850
0.16623206
0.05034318
-0.24470365
-0.02378306
0.00628342
0.21371500
-0.06641922
0.12777729
0.03870115
0.08563908
0.09052183
-0.18663527
-0.09889419
-0.03163278
-0.05005891
0.24677387
0.06349175
0.06885367
0.13906093
0.03909917
0.06087265
0.10989394
0.14129046
0.07944518
0.05818349
0.74402267
0.05803516
0.12112299
0.30210972
0.02902921
0.39586231
0.04111484
0.00206859
0.01799008
-0.00432792
0.07110044
-0.02557699
-0.08602148
-0.13415109
-0.12532942
-0.03597848
-0.39198980
-0.25850180
0.08454099
0.14961484
0.07539019
0.01857747
-0.10116995
0.24647295
0.04338007
0.08905212
0.10091956
0.25508925
0.34823743
0.04175625
0.05070236
-0.07127734
0.09396732
0.08781834
-0.16593850
-0.31800902
0.17708623
0.04246040
-0.05756868
-0.01880127
0.06324086
0.11841223
-0.16581266
0.06301022
-0.09826298
-0.06668620
-0.05939871
-0.06369452
-0.00479239
0.10031012
-0.08211271
-0.06357148
0.06139896
-0.00801656
-0.02639096
0.11552571
-0.08216833
-0.08127222
0.01345695
-0.05610016
-0.11243520
-0.06521580
-0.07093189
0.07592069
0.01912140
0.00960344
0.00190559
-0.10656992
0.05459977
-0.05988624
-0.06081082
0.04707087
-0.11704366
0.01560504
-0.12050931
0.02437109
0.04965140
-0.13489459
0.02054943
0.03129672
-0.09225771
0.12057906
0.04376797
0.04392703
-0.08525430
-0.11189226
-0.13174331
0.00293300
0.04477800
-0.09366006
0.10277133
0.09418901
-0.01760340
0.06643187
-0.11926635
0.03462617
0.07162439
-0.14279635
-0.02410682
-0.02598853
-0.03116041
-0.14038204
-0.11327996
-0.01263618
-0.01608997
-0.30781132
0.14316559
0.14856870
0.15754552
0.06321863
0.07029290
0.16569726
0.20503810
0.12194642
-0.17520851
0.17942816
0.10411849
0.22306666
0.22397974
0.15496033
-0.00880562
0.17275469
0.09382622
-0.01072928
0.17152518
0.20055850
-0.01496067
-0.03022595
0.80167419
0.06853610
0.08838254
0.45691681
0.03143292
0.46140492
0.14401151
0.10979617
-0.04646002
0.21370620
-0.09058569
-0.00934910
-0.07265723
-0.05736087
-0.13139635
-0.07201976
-0.26384890
-0.19624610
0.11216609
0.38485482
0.12833685
0.10831592
-0.16349688
0.14950541
0.18959726
0.01506343
0.11000689
0.17470247
0.36501464
0.06358626
0.06706287
0.02712050
0.26129475
0.03868372
-0.18175980
-0.09964261
0.15747441
0.12977538
-0.08024698
0.03077006
0.25382990
0.24617001
0.10203153
-0.05486825
0.24675441
-0.08087008
-0.04899751
0.10144787
0.19691867
0.22238089
-0.34342584
-0.58158970
0.04390006
0.18613751
-0.03069204
-0.01332566
0.21368667
-0.00044866
-0.39593196
0.01497753
0.08370429
-0.04729654
-0.23762307
-0.00811535
-0.03597634
0.07188320
-0.30899039
0.23316638
-0.81724209
-0.06600443
0.11215567
0.03290169
0.03376317
0.02815162
-0.05413929
0.27923161
-0.08583993
0.18252483
-0.16104080
0.16725829
-0.31303898
0.14159170
0.09101427
-0.59524757
-0.01566222
-0.53388363
-0.12138816
-0.33780286
0.02120925
-0.25189829
-0.54877752
0.01766849
-0.30259988
0.18397640
-0.12639908
-0.55892342
0.42978314
0.13273746
0.12129564
0.08779621
-0.00729726
-0.72012728
-0.23816071
-0.46369395
0.14476632
-0.31969634
0.15008909
-0.11570129
0.05977078
-0.09214177
0.03577677
0.25930840
0.17865553
0.10478790
-0.25831348
0.05284910
0.14798297
0.24601670
0.27538949
0.35762125
0.02957668
0.03585870
0.06454518
0.22231759
-0.06997444
0.26341337
0.01823884
0.10865315
0.73897606
0.02690776
0.00733075
0.67737144
0.04281715
0.20172316
0.09376464
0.11230078
-0.07240950
0.08554602
-0.21632628
-0.25215858
0.01567911
-0.15314975
0.01267778
-0.17107558
-0.18833651
-0.27017006
0.15863748
0.41783777
0.37101510
-0.18113071
-0.15208760
0.11052844
0.20954444
0.08354689
0.27405947
0.28674623
0.24541976
0.20253949
-0.22647268
-0.24574082
0.40469337
-0.03999446
-0.11886472
-0.06480525
0.20677006
0.18330167
-0.07572057
0.15808210
0.41614088
-0.64127177
0.17011218
-0.01545281
0.11671864
0.13765819
0.17145547
0.18318178
-0.09886684
0.13431840
-0.02173168
0.02876955
0.05079968
-0.00630849
0.32758552
-0.04687701
-0.09930121
0.28051102
0.14978200
0.13524257
-0.00359750
0.28726283
0.00834591
0.06778678
0.96545237
-0.05641381
0.18967029
0.44414467
-0.06374121
0.31027567
0.01650122
0.04072166
0.01877631
0.22671844
0.03437597
-0.21988523
0.05042654
-0.39716497
-0.03971152
-0.10582809
-0.25322291
-0.45563528
0.15302271
0.26576269
0.10692633
-0.12312222
-0.07987518
0.23484741
0.04638285
0.06007689
0.14622520
0.47976422
0.28645512
0.10435892
0.11314099
0.00877006
0.28071234
0.08996855
-0.02010337
-0.63381702
0.13370290
0.15704180
-0.00750171
0.11189549
0.30633056
-0.25883296
0.16270393
0.22106183
0.12345107
0.12974094
0.06037251
0.19912499
0.09874213
0.23028529
-0.20208955
0.24512869
0.20265609
0.22025985
0.08111045
0.04025702
0.03087575
0.02796886
0.21204965
0.09444144
0.06583337
0.45493823
0.16593534
-0.14436318
0.64618152
0.09291274
0.11410496
0.50979936
0.01486932
0.33122593
-0.02460698
0.03430376
-0.07093249
0.11757690
-0.05395328
-0.05107530
0.08088417
-0.16700995
-0.06934853
-0.01103888
-0.06867296
-0.27507055
0.01574054
0.36561546
0.23743352
-0.05994660
-0.22121423
0.20077430
0.29927269
-0.11550093
0.17760326
0.21699803
0.28986201
-0.03279394
0.01769581
0.03541884
0.18872246
0.14578526
-0.17031562
-0.24795686
0.13696581
0.09978800
-0.05738497
0.18079408
0.38756856
-0.31233674
0.13309488
0.14864643
0.21002467
0.04770694
0.06698237
0.15967730
0.17917892
0.22858278
-0.15977150
0.18426678
0.18482769
0.10340575
0.31328800
0.15936144
0.11270213
0.12873760
0.26106679
0.24360400
-0.02224209
0.11477859
0.04056782
0.00145894
0.81702220
0.09898937
0.11852865
0.53308481
0.09629220
0.37296677
-0.07723182
0.12121374
-0.13490576
0.15794770
0.05982054
-0.05596308
0.03755252
-0.07622977
0.12866002
-0.00293370
-0.25248048
-0.28108540
0.09721085
0.16664547
0.24324267
-0.01063006
-0.15496807
0.28808999
0.21615286
0.07064672
0.03681779
0.37804818
0.51063716
0.14935438
0.06272645
0.01633965
0.09267683
0.19340393
-0.15316160
-0.36631292
0.32642338
0.15823354
0.08791612
0.01569772
0.26188594
-0.16801295
-0.02941124
-0.03644864
0.28577513
-0.09994253
0.11424640
0.09671016
0.00755902
-0.12316122
-0.07309739
-0.21677339
0.18795477
-0.05368934
0.00685081
0.41111401
-0.02989064
0.00204205
-0.02372249
-0.12196645
-0.25647503
0.52977926
-0.30934107
0.07282755
1.00858617
0.06806520
-0.23074038
0.13865158
-0.05025430
0.74300557
-0.21855916
-0.09305572
-0.17994718
-0.23565033
0.06000170
0.09588016
0.09591091
0.07937493
-0.03632643
-0.07997561
0.22909749
0.21650246
-0.18009079
0.17203876
0.34919021
-0.19694720
-0.36824247
0.02651156
0.16959970
-0.19851300
0.16495508
0.10784825
0.18472442
-0.09605066
-0.17127348
-0.06793541
0.27165690
0.08234965
-0.18219353
0.29277104
-0.35921496
-0.23472914
0.14910075
-0.26306546
-0.29600599
-0.42954341
0.14453781
0.15141383
0.16977546
0.05710790
0.10547803
0.03972325
0.06010481
0.09822585
-0.17815140
0.15748456
0.25663340
0.14652756
0.24797994
0.03855792
0.04306928
0.21300685
0.06689732
0.15009978
0.09211039
0.21492314
0.12468179
0.09154983
0.92426902
0.02770837
0.09040558
0.46518815
0.10815532
0.32277498
-0.01623939
-0.06285873
-0.11029885
0.00636681
0.12179292
-0.08850635
-0.01008770
-0.12228632
0.13239644
-0.04734913
-0.28120205
-0.15635142
-0.01531431
0.24054861
0.31404254
0.15409154
-0.09005985
0.15000443
0.16413288
0.17392340
0.08328975
0.28803712
0.33104730
0.07240936
0.04800247
0.00111406
0.17841755
-0.08293034
-0.13835575
-0.33575127
0.16560340
0.19933155
-0.11274006
0.07857358
0.05374974
-0.10391564
-0.12495481
-0.07077321
-0.08811598
-0.00417299
0.03876831
0.08296781
-0.00049865
-0.03075186
-0.03511265
0.06915494
-0.09273248
0.06643236
-0.12421613
-0.11012398
0.00413126
-0.06818787
-0.01693039
0.07372917
0.03277207
0.10587779
-0.08344099
-0.09246916
-0.02626867
-0.05421590
-0.07214182
-0.01712386
0.07962028
-0.08318860
0.04091919
0.02710627
0.04773998
0.00115827
-0.07401967
0.02247833
-0.05887446
-0.09998228
0.08474936
0.06542271
-0.10967281
0.08401372
-0.00456598
0.02132813
0.09653597
-0.03226464
-0.07476648
0.05718252
-0.06488499
-0.06137455
-0.07481562
0.10747624
0.03788413
-0.04296960
-0.03333579
-0.01148978
-0.10067318
0.00407533
-0.10996122
-0.02334786
-0.04092955
-0.07071145
0.08840925
0.00706542
0.04785940
-0.09448987
0.00933158
-0.02313583
0.02253397
-0.07949640
-0.10190720
-0.11668910
0.01974958
0.05016530
0.04842856
0.03094856
-0.02128123
0.05520292
0.00956918
0.03188565
0.02306708
-0.04633383
-0.01590962
-0.00649060
-0.10086349
-0.04243782
-0.07865777
-0.12383150
0.08686769
0.05477517
0.00174196
0.01924458
-0.06377843
0.03705650
-0.07391032
-0.11932810
-0.06935392
0.10208791
0.04988176
-0.10800505
0.01418957
-0.15247318
-0.04931168
0.07464006
-0.05196878
0.02144255
-0.14532015
-0.02027882
0.08491425
-0.10646783
-0.14776388
0.02746073
-0.00009168
0.02186296
-0.10797539
0.12834060
-0.05702393
-0.00226623
0.06492864
-0.16056702
0.02150217
-0.16938435
0.00459182
-0.00204269
-0.00964834
-0.09728629
0.02908425
-0.08700343
0.02818082
-0.22265218
0.00446315
0.01243277
0.17998675
0.03373391
0.04543340
0.21916051
0.05081131
0.21537477
-0.06983577
0.07282623
0.21625672
0.15103935
0.23579137
0.12539954
0.12085772
0.09440087
0.19157429
0.08198369
0.12825994
0.16477107
0.10215629
-0.03752385
0.76698720
0.06051627
-0.01827505
0.43095401
0.09818212
0.38496098
0.10195865
0.09501150
-0.03617529
0.15817378
-0.10624153
0.04389200
-0.01469678
-0.02308314
0.02706592
-0.10295391
-0.08503147
-0.29420632
0.11747286
0.30686074
0.13753790
0.07439973
-0.22206353
0.15189309
0.17568089
0.11167484
0.04030278
0.35136190
0.39906386
0.11202636
-0.12409507
-0.09784994
0.13643859
-0.00548569
-0.15993701
-0.28990701
0.27900624
0.12069770
0.06458074
-0.01355698
0.22939798
-0.28927234
0.24527219
0.18291816
0.25164923
-0.02893099
-0.00893724
0.03478922
0.10798664
0.19301224
-0.20010288
0.01059875
-0.04837913
0.10141370
0.19840434
0.08185515
0.14555915
0.17731552
0.18916188
0.07619207
0.12060696
0.34946302
0.21778274
0.00118813
0.82688582
0.10498211
0.10441479
0.46761185
0.12503897
0.37572002
-0.15458591
0.02277417
-0.10216334
0.03171092
-0.04263801
-0.12911952
-0.05062032
-0.13996577
0.11883545
-0.20102920
-0.40611419
-0.47404349
0.08376715
0.24142249
0.06447215
0.05606571
-0.28498086
0.30340466
0.07573063
-0.01283740
0.13026915
0.40078059
0.43793914
-0.07492483
-0.03716525
0.02371312
0.22309324
-0.06325331
-0.15056290
-0.38672736
0.20980263
0.00208236
-0.11587685
0.09773348
0.34017068
-0.25204918
0.08973585
0.12429906
0.03975142
0.11145186
0.19110894
0.18269329
-0.01028779
0.29558504
-0.28070548
0.07345035
0.04336410
-0.01031551
0.09342717
0.01666824
0.05385051
0.13940282
0.19963126
0.05771054
0.14938739
0.36445376
0.13580030
0.05311095
0.64258748
-0.11441109
0.20089044
0.56439710
-0.09162840
0.28181443
-0.06271259
0.12787192
0.03653786
0.17729998
0.04879541
-0.14476176
0.11534224
-0.25076222
-0.06250422
-0.14595473
-0.37251499
-0.49651396
0.10081816
0.30156630
0.07255261
-0.00406413
-0.10446696
0.05984698
0.21396674
-0.10082282
0.21191272
0.12421218
0.21531360
0.00907738
0.04410059
0.06464921
0.29209474
0.14614905
-0.16206090
-0.21452527
0.23479705
-0.03180201
-0.13384444
0.16514851
0.26426607
-0.40702054
-0.33237439
0.06136660
-0.50625390
-0.21475893
-0.09803627
0.20127413
-0.09655949
0.03534111
0.00077319
0.10148660
0.35414091
0.03694143
0.22907063
0.24564438
-0.13030352
0.22236764
-0.14845209
-0.05084048
0.16737874
0.66787171
-0.09149491
0.22392614
-0.28541893
0.14332847
-0.48198006
0.44306698
-0.20484734
0.31977192
-0.01561861
0.02786843
0.02249720
-0.04036786
0.14667787
-0.13064863
0.11757746
-0.03610764
-0.00407526
-0.05483832
0.45634207
0.07608148
-0.07486136
-0.09250347
0.25971264
-0.17668261
0.05166976
-0.07463913
0.15886253
-0.12859865
0.15690854
-0.59746403
0.18825801
0.07060462
-0.14241686
0.00244711
0.02210487
-0.02546295
-0.40349609
-0.35732818
-0.02310123
0.28965929
0.09445425
-0.13137956
0.25008735
-0.22956239
0.13946189
-0.09456414
0.26942077
-0.02004351
-0.05992465
0.17647666
-0.06318270
0.08660100
-0.15718892
-0.11102319
0.00163017
0.21006238
0.14991581
0.06785503
0.03899382
0.17978565
0.18138820
0.09083589
-0.12781169
0.19564362
-0.07907327
0.03532319
0.89169014
-0.11162212
0.09528746
0.35140470
0.05372186
0.38423824
0.05625627
0.09378437
-0.13156235
0.08634011
0.00513395
0.13494369
0.06898306
-0.18851063
0.05208841
-0.04192887
-0.44734716
-0.22138275
0.23046269
0.17014305
-0.07896864
0.01469408
-0.04167047
0.13966621
-0.05584743
-0.01886742
-0.01756035
0.30486858
0.44609654
0.04886937
0.23899263
0.02690294
0.13587724
0.00846535
-0.09082150
-0.35220525
0.23660979
-0.00745985
0.06487291
-0.02366483
0.06591749
# b
-0.01194439
0.01902621
-0.00072375
-0.13562976
0.04525580
0.06063152
-0.06402021
-0.10201521
-0.06800408
-0.04999040
0.02970633
-0.02773695
-0.00916549
0.01603318
0.05459085
-0.00944699
-0.11470902
-0.03051599
-0.17026395
-0.07122523
-0.14556235
0.01135282
-0.03793032
0.07033030
0.10623173
-0.11884309
-0.10904132
-0.10172266
0.00259863
-0.01120715
-0.10551608
0.06219631
# Layer Number: 2
relu
16 32
# W
0.05698001
-0.14993064
-0.01653690
-0.02464033
-0.07441366
-0.50243121
-0.02298031
-0.15998133
0.72920150
-0.13755910
0.48193020
0.10680644
0.58061808
0.77232325
-0.02274867
0.07515398
-0.16274352
0.03095970
0.58334249
-0.03172607
-0.07002594
0.08104227
0.18444951
-0.45163721
0.00831479
0.14581287
-0.17421894
-0.01654066
0.04643432
0.06028828
-0.29269576
-0.14180736
0.09866819
-0.17765889
-0.10175649
-0.19718963
-0.53557980
-0.29227802
-0.14342918
-0.24470416
0.46851122
-0.10887918
0.35648674
-0.19524290
0.33258766
0.43868795
-0.07579535
0.17741473
-0.07916865
-0.05374017
0.00534689
-0.08111992
-0.37381810
-0.26443353
0.17531092
-0.55663109
-0.03926341
0.08580016
0.00638079
-0.01230222
-0.03836519
-0.12579823
-0.63704574
0.23539846
0.04066488
-0.11479516
-0.07306763
0.08637939
-0.01782892
0.64669406
-0.01455393
0.02532834
-0.65512460
0.24392533
-0.50747865
0.21702217
-0.45980835
-0.66191494
-0.00524316
0.06605126
-0.12939744
0.10394296
-0.68856847
0.24726848
0.38852003
0.13280104
0.24403328
0.61851186
0.03621818
-0.07710150
-0.00840246
0.01198265
0.00689855
-0.10238684
0.46285409
0.11402354
0.11325977
-0.16131258
0.21761173
0.16115238
-0.01033845
0.60032892
0.20031646
0.03067536
-0.63798553
0.17871238
-0.59704959
0.11087443
-0.43669167
-0.43323934
0.16723995
0.01316283
-0.04009008
-0.09657431
-0.60888094
0.31689703
0.05523231
0.08653834
0.24030964
0.50888616
-0.01258388
-0.03029259
-0.06692092
0.09327049
-0.06838369
0.13258010
0.40448621
0.05642148
0.14219327
0.08849554
-0.00455937
-0.15240060
-0.02576882
0.76472193
0.02331444
0.34750798
-0.56875318
-0.01381571
-0.66125351
-0.02495876
-0.34604597
-0.67901510
0.06296223
0.12033681
-0.01931711
0.15229744
-0.57382995
0.40087596
0.22605164
0.25991350
0.25761592
0.97758770
0.16358483
-0.11161518
-0.05438948
0.15461864
0.17756210
0.23798876
0.48727527
0.05746038
0.26628974
0.00353785
0.25884461
-0.08401418
0.03663782
0.85520220
0.19555199
0.04729175
-0.47790593
0.20788963
-0.52006060
0.18034962
-0.42169756
-0.72517639
-0.06633560
-0.04483031
-0.12220118
0.15445527
-0.58049464
0.10754951
0.38660291
0.15130819
0.18544698
0.81319243
0.18153308
-0.11759527
0.16203152
-0.02815550
0.18083882
0.00411538
0.62112051
-0.06811628
0.01607402
-0.03924297
-0.10534579
-0.03002195
-0.10278892
-0.37022045
0.12547389
-0.07891698
0.73432577
-0.05930053
0.12575214
0.03843087
0.21349110
0.63995546
0.21718040
0.08872799
-0.13266973
0.00155961
0.44593740
-0.27434012
-0.11167417
0.14187594
0.10572118
-0.67879713
-0.00898622
-0.09567462
-0.05738019
0.18251386
-0.07138757
0.02877754
-0.90112293
-0.04986130
0.14391387
-0.13311321
0.12898374
-0.12716423
0.03055475
0.71755379
0.24342492
0.17885841
-0.64725274
-0.07253090
-0.67508221
-0.04232986
-0.25333932
-0.67017537
0.14922062
0.08714344
-0.03762717
0.21244615
-0.49966249
0.20438845
0.10044494
0.04398116
0.16203645
0.72799635
-0.01497560
-0.05032784
-0.16597357
0.17261341
0.27435994
0.18214123
0.35969105
0.20085499
0.08928786
0.09147893
0.18983065
-0.12318271
0.14878309
0.74618673
-0.02155003
0.35853922
-0.44873413
0.22676681
-0.61512107
-0.04228200
-0.51807356
-0.50162733
0.01028593
0.19339074
0.16101851
0.08530568
-0.74285626
0.29017109
0.38646215
0.05668529
0.02056923
0.61070597
0.07117970
-0.10693894
0.10614565
0.14884542
0.03880668
-0.00211678
0.39874572
0.22102281
0.24524474
0.05236388
0.07723018
0.07377107
0.27102137
0.62502170
-0.00494498
0.26272380
-0.56170106
0.07333344
-0.69502330
0.04829685
-0.34708357
-0.62085050
0.16178481
0.21907881
-0.13182861
0.12651682
-0.69102591
0.17902365
0.30609834
0.09848038
0.16573164
0.49357572
0.21766719
-0.05977979
0.03815817
0.09107879
0.22145422
0.08360787
0.54790264
0.12334280
0.24413455
0.00227479
0.13652743
0.19787060
0.04394412
0.54193926
0.20355056
0.25550497
-0.72324091
0.13281724
-0.81661618
-0.05095474
-0.34803137
-0.49581137
0.00064660
0.20071784
0.19131850
0.20301254
-0.75122643
0.14396603
0.22690439
0.23575164
0.07403521
0.62636709
0.13350047
-0.06902943
-0.09923825
0.23829649
0.09585474
0.18127052
0.28489822
0.00669239
0.01961562
-0.01711449
0.05468172
-0.22762586
0.17879792
-0.18516482
-0.02569738
-0.12944081
-0.03951249
-0.22877578
-0.15473050
-0.08906414
-0.06455304
0.10027228
-0.04582185
0.06938281
-0.02960824
0.01947840
0.21212573
-0.14065382
-0.14313020
0.13313998
-0.07406337
-0.09681715
0.01649700
-0.09490117
0.01271341
-0.15739928
-0.02282497
-0.12562357
-0.17030779
-0.19687806
-0.00882123
0.07814330
-0.19780278
-0.22412784
-0.59542465
0.01740551
0.14346153
-0.59386069
0.46681499
-0.03838450
0.37033239
0.01295381
0.53545928
0.90262991
0.14217840
-0.03952763
-0.11941013
-0.03766004
-0.11366211
-0.20109086
-0.05080666
-0.24425398
0.11205797
-0.72308153
0.11609868
0.15313104
-0.01600904
-0.02394459
-0.21014784
-0.28212300
-0.76644355
0.15523794
0.06074552
0.10279157
0.05385327
0.08852174
0.23177437
0.78407001
0.15821560
0.35709962
-0.56997925
0.21777841
-0.69797212
0.22015233
-0.41938695
-0.52902728
0.15377040
0.07404169
0.16508675
0.00055346
-0.71613419
0.37896779
0.13370733
0.23080906
0.29145196
0.82744640
-0.00794650
0.02560004
-0.14270014
-0.01238868
0.07460273
-0.03866189
0.61702186
0.18212917
-0.04699794
-0.01880703
0.15338145
0.02349600
0.08413874
-0.38653851
-0.07769328
-0.19262584
0.79007667
-0.08276334
0.79077768
-0.08200341
0.44826430
0.64970630
-0.03801391
0.13894147
-0.17302398
-0.01842869
0.59886706
0.06082067
0.06283468
0.15021852
0.06680391
-0.39281991
-0.03200676
-0.07451433
-0.03157540
0.07983037
-0.09070596
0.08313644
-0.33147711
0.01572547
0.13328552
0.01212744
0.12562639
-0.20718549
-0.49426553
0.01254386
0.09372246
-0.01682077
0.55885756
0.00434675
0.17975388
-0.14542541
0.45821822
0.33674097
-0.00522070
-0.03414609
0.06910777
-0.21328230
0.23627612
-0.67155105
-0.45235309
-0.24473231
-0.02853587
-0.42890802
0.16408758
-0.13226923
-0.04090509
0.00140795
-0.10412568
-0.13898794
-0.50386333
-0.02727076
# b
0.14434245
0.42684013
0.08905983
-0.00425338
-0.05912060
-0.07804153
0.06972550
0.05247701
0.07475111
0.00744113
0.12197195
-0.05305826
0.31529826
-0.05023815
0.09119169
0.31300542
# Layer Number: 3
sigmoid
1 16
# W
0.44929245
0.78870839
-0.34812492
-0.40288603
-0.50066590
-0.52862012
0.69016165
-0.28004751
-0.24121933
-0.39922515
-0.21977918
0.26494300
1.12261915
-0.25868875
0.54163742
0.85540730
# b
0.19827677
